03 25 1993
6 18 1985
7 8 1971
9 27 1975
2 6 1996
7 06 1979
5 18 1978
10 24 1989
3 7 1986
4 10 1971
5 11 1985
4 09 1975
8 01 1998
1 26 1972
5 24 1990
1 25 2011
4 12 1982
10 13 1976
4 24 1998
5 21 1977
7 21 1998
10 21 1979
3 03 1990
2 11 1976
07 25 1984
4 13 1982
9 22 1989
9 02 1976
9 12 1971
10 24 1986
03 31 1985
7 20 1972
4 12 1987
06 20 1991
5 12 2012
3 15 1983
2 14 1973
5 24 1988
7 27 1986
1 14 1981
7 29 1975
6 24 1987
8 14 1994
4 13 2002
8 16 1982
2 15 1998
7 15 1991
06 12 1994
9 17 1984
2 28 1975
11 22 1975
5 24 1991
6 13 1992
7 11 1971
12 26 1986
10 11 1987
3 14 1995
12 01 1973
12 5 2010
08 20 1982
7 24 1995
8 06 1983
02 22 1992
6 28 1987
07 29 1994
08 11 1978
10 29 1991
7 6 1991
1 21 1987
11 3 1985
7 04 1982
4 13 1989
7 11 1977
4 12 1974
09 19 1981
9 6 1979
12 5 1987
01 05 1999
4 22 1980
10 04 1998
6 29 1981
8 04 1978
7 07 1974
09 14 2000
5 18 1971
8 09 1981
6 05 1993
8 9 1997
12 8 1982
8 26 1989
10 13 1995
4 19 1991
04 08 2004
9 20 1976
12 08 1990
4 11 1974
7 18 1986
3 31 1991
5 13 1972
11 14 1983
8 16 1992
10 05 1997
07 18 2002
9 22 1982
2 24 1974
2 03 1978
2 11 2006
8 22 1983
5 04 1974
7 20 2011
6 17 1995
6 10 1972
10 16 1982
12 15 1992
12 8 1997
4 05 1989
12 04 1987
6 20 1977
4 27 2006
07 17 1992
12 22 1998
10 02 1996
11 05 1990
5 04 1977
2 27 1996
Jan 24 2001
Sep 10 2004
May 26 1982
June 28 2002
May 06 1972
Oct 25 1987
Oct 14 1996
Nov 30 2007
June 28 1994
Jan 14 1981
Oct 10 1985
February 11 1985
Feb 10 1983
Feb 05 1992
Oct 21 2012
Feb 14 1995
May 30 2016
Jan 22 1996
Oct 14 1992
Oct 06 2003
Oct 18 1999
Nov 11 2004
May 30 2001
Feb 02 1978
Sep 09 1989
March 12 1980
June 22 1990
Sep 28 2015
Jan 13 1972
Mar 06 1974
Oct 10 1974
May 26 1974
Feb 10 1990
Aug 23 2000
May 26 2001
Oct 21 2007
Oct 19 2016
Mar 05 1974
Jan 29 1994
Oct 21 1978
August 18 1975
Nov 11 1996
Oct 01 1979
Oct 13 1986
Oct 21 1995
Jan 24 2011
Oct 04 1972
Aug 23 1993
Oct 18 2006
Dec 04 1988
Oct 21 1983
May 26 2010
Jan 18 1990
Jun 15 1985
Dec 10 1982
Dec 09 1988
August 18 1995
June 13 1974
May 26 2008
Nov 11 2002
Aug 17 1985
Oct 13 2016
Jan 14 2008
March 12 2004
Oct 21 1977
Aug 10 2000
Nov 30 1972
May 06 1993
Jan 18 1995
April 11 1990
May 30 2001
Feb 18 1994
February 18 1981
October 11 2013
Jan 24 1986
July 26 1978
December 23 1999
May 15 1989
September 06 1995
Mar 10 1976
Jan 27 1983
October 23 1990
August 12 2004
September 01 2012
July 25 1983
August 11 1989
April 17 1992
July 24 1999
July 11 1997
Sep 10 1974
August 14 1981
Nov 11 1988
June 13 2011
May 14 1989
Dec 14 1975
June 25 2012
Oct 18 1980
May 15 1998
October 14 1974
July 25 1998
June 15 1972
January 07 1991
September 15 2011
September 1 1985
June 1 2011
May 1 1986
May 1 2016
July 1 1977
July 1 1990
Jul 1 2003
Oct 1 2015
May 1 1995
February 1 1976
January 1 1995
Feb 1 1978
May 1 2011
May 1 2004
Nov 1 2010
Sep 1 2012
January 1 2013
November 1 1990
July 1 1981
May 1 1983
July 1 1995
April 1 1993
May 1 2005
December 1 1998
Jan 1 2007
Feb 1 2016
August 1 1979
Oct 1 2014
Aug 1 1988
Sep 1 2015
Apr 1 1976
Nov 1 1979
February 1 2000
Oct 1 1986
Jun 1 2002
September 1 1981
June 1 2007
April 1 1989
September 1 1999
Oct 1 1980
Dec 1 2009
July 1 1992
May 1 2006
August 1 2008
Feb 1 1993
February 1 2010
April 1 1985
September 1 1984
April 1 1986
Apr 1 2007
September 1 1974
Sep 1 2013
July 1 1985
Aug 1 2004
May 1 2012
Feb 1 1977
Jan 1 1987
Sep 1 1983
January 1 2013
Mar 1 2010
August 1 2009
Sep 1 2007
December 1 2011
Jan 1 2004
November 1 1995
September 1 2008
February 1 1983
March 1 1983
Aug 1 1979
Jan 1 2009
Janaury 1 1993
March 1 1974
January 1 1994
Dec 1 1992
November 1 2004
January 1 1977
Mar 1 2002
Feb 1 2000
May 1 2004
July 1 2006
Feb 1 1994
April 1 1977
Oct 1 1992
February 1 1995
February 1 1989
Decemeber 1 1978
January 1 2007
Jun 1 1976
May 1 2011
Mar 1 1975
Jan 1 1978
July 1 1975
November 1 2012
June 2 1999
October 1 1991
March 1 1973
October 1 1996
Jun 1 2007
October 1 1995
April 1 1999
May 1 2001
March 1 2000
April 1 1988
December 1 1993
June 1 1974
November 1 1997
July 1 1986
February 1 1973
March 1 1978
Dec 1 2007
Apr 1 1998
March 1 2005
May 1 1980
Nov 1 2007
March 1 1976
6 1 1998
6 1 2005
10 1 1973
9 1 2005
03 1 1980
12 1 2005
5 1 1987
5 1 2004
8 1 1974
3 1 1986
10 1 1997
3 1 1993
3 1 1981
9 1 2003
10 1 1993
1 1 1983
7 1 1994
12 1 2008
10 1 1980
8 1 2003
12 1 1975
11 1 2010
7 1 1997
7 1 2014
9 1 2001
8 1 1986
1 1 1978
4 9 1975
1 1 2009
5 1 1995
8 1 1989
11 1 2000
06 1 1973
2 1 1999
6 1 2001
12 1 1978
8 1 2009
7 1 1973
1 1 2014
09 1 1975
12 1 2012
5 1 1999
7 1 1989
7 1 2009
11 1 1998
3 1 1995
2 1 2009
08 1 1988
4 1 2007
67 5 2000
4 1 2012
10 1 2001
2 1 1977
8 1 2008
2 1 1983
5 1 1979
1 1 1992
11 1 2008
12 1 2014
4 1 1974
10 1 1981
10 1 1986
03 1 1973
12 1 1994
8 1 1999
10 1 2010
10 1 1994
01 1 2007
8 1 2010
03 1 1990
11 1 2016
4 1 2004
2 1 1973
7 1 1987
8 1 2000
8 1 1975
5 1 1977
3 1 2000
9 1 1984
4 1 1973
12 1 1986
4 1 1979
7 1 2004
11 1 1984
5 1 2016
12 1 2007
11 1 1982
06 1 1981
4 1 2013
4 1 1999
5 1 2006
10 1 1978
12 1 1989
2 1 1974
11 1 1986
4 1 1983
10 1 2014
6 1 1989
9 1 1980
9 1 1992
9 1 2000
7 1 1981
1 1 2008
4 1 2002
7 1 1985
5 1 2010
8 1 2002
1 1 1994
12 1 2004
3 1 2003
7 1 1991
7 1 1982
1 1 1984
1 1 2000
1 1 2001
1 1 1982
1 1 1998
1 1 2012
16 1 1991
1 1 1988
1 1 2014
1 1 2016
19 1 1976
1 1 1981
1 1 2011
1 1 1997
1 1 2003
1 1 1983
1 1 1999
1 1 2010
1 1 1975
1 1 1972
1 1 2015
1 1 1989
1 1 1994
1 1 1993
1 1 1996
1 1 2013
1 1 1974
1 1 1990
1 1 1995
1 1 2004
1 1 1987
1 1 1973
1 1 1992
1 1 1977
1 1 1985
69 1 2007
1 1 2009
1 1 1986
1 1 1978
1 1 2002
1 1 1979
1 1 2006
1 1 2008
1 1 2005
1 1 1980
