4 10 1971
5 18 1971
7 8 1971
7 11 1971
9 12 1971
1 1 1972
1 13 1972
1 26 1972
5 6 1972
5 13 1972
6 10 1972
6 15 1972
7 20 1972
10 4 1972
11 30 1972
1 1 1973
2 1 1973
2 1 1973
2 14 1973
3 1 1973
3 1 1973
4 1 1973
6 1 1973
7 1 1973
10 1 1973
12 1 1973
1 1 1974
2 1 1974
2 24 1974
3 1 1974
3 5 1974
3 6 1974
4 1 1974
4 11 1974
4 12 1974
5 4 1974
5 26 1974
6 1 1974
6 13 1974
7 7 1974
8 1 1974
9 1 1974
9 10 1974
10 10 1974
10 14 1974
1 1 1975
2 28 1975
3 1 1975
4 9 1975
4 9 1975
7 1 1975
7 29 1975
8 1 1975
8 18 1975
9 1 1975
9 27 1975
11 22 1975
12 1 1975
12 14 1975
1 1 1976
2 1 1976
2 11 1976
3 1 1976
3 10 1976
4 1 1976
6 1 1976
9 2 1976
9 20 1976
10 13 1976
1 1 1977
1 1 1977
2 1 1977
2 1 1977
4 1 1977
5 1 1977
5 4 1977
5 21 1977
6 20 1977
7 1 1977
7 11 1977
10 21 1977
1 1 1978
1 1 1978
1 1 1978
2 1 1978
2 2 1978
2 3 1978
3 1 1978
5 18 1978
7 26 1978
8 4 1978
8 11 1978
10 1 1978
10 21 1978
12 1 1978
12 1 1978
1 1 1979
4 1 1979
5 1 1979
7 6 1979
8 1 1979
8 1 1979
9 6 1979
10 1 1979
10 21 1979
11 1 1979
1 1 1980
3 1 1980
3 12 1980
4 22 1980
5 1 1980
9 1 1980
10 1 1980
10 1 1980
10 18 1980
1 1 1981
1 14 1981
1 14 1981
2 18 1981
3 1 1981
6 1 1981
6 29 1981
7 1 1981
7 1 1981
8 9 1981
8 14 1981
9 1 1981
9 19 1981
10 1 1981
1 1 1982
4 12 1982
4 13 1982
5 26 1982
7 1 1982
7 4 1982
8 16 1982
8 20 1982
9 22 1982
10 16 1982
11 1 1982
12 8 1982
12 10 1982
1 1 1983
1 1 1983
1 27 1983
2 1 1983
2 1 1983
2 10 1983
3 1 1983
3 15 1983
4 1 1983
5 1 1983
7 25 1983
8 6 1983
8 22 1983
9 1 1983
10 21 1983
11 14 1983
1 1 1984
7 25 1984
9 1 1984
9 1 1984
9 17 1984
11 1 1984
1 1 1985
2 11 1985
3 31 1985
4 1 1985
5 11 1985
6 15 1985
6 18 1985
7 1 1985
7 1 1985
8 17 1985
9 1 1985
10 10 1985
11 3 1985
1 1 1986
1 24 1986
3 1 1986
3 7 1986
4 1 1986
5 1 1986
7 1 1986
7 18 1986
7 27 1986
8 1 1986
10 1 1986
10 1 1986
10 13 1986
10 24 1986
11 1 1986
12 1 1986
12 26 1986
1 1 1987
1 1 1987
1 21 1987
4 12 1987
5 1 1987
6 24 1987
6 28 1987
7 1 1987
10 11 1987
10 25 1987
12 4 1987
12 5 1987
1 1 1988
4 1 1988
5 24 1988
8 1 1988
8 1 1988
11 11 1988
12 4 1988
12 9 1988
1 1 1989
2 1 1989
4 1 1989
4 5 1989
4 13 1989
5 14 1989
5 15 1989
6 1 1989
7 1 1989
8 1 1989
8 11 1989
8 26 1989
9 9 1989
9 22 1989
10 24 1989
12 1 1989
1 1 1990
1 18 1990
2 10 1990
3 1 1990
3 3 1990
4 11 1990
5 24 1990
6 22 1990
7 1 1990
10 23 1990
11 1 1990
11 5 1990
12 8 1990
1 1 1991
1 7 1991
3 31 1991
4 19 1991
5 24 1991
6 20 1991
7 1 1991
7 6 1991
7 15 1991
10 1 1991
10 29 1991
1 1 1992
1 1 1992
2 5 1992
2 22 1992
4 17 1992
6 13 1992
7 1 1992
7 17 1992
8 16 1992
9 1 1992
10 1 1992
10 14 1992
12 1 1992
12 15 1992
1 1 1993
1 1 1993
2 1 1993
3 1 1993
3 25 1993
4 1 1993
5 6 1993
6 5 1993
8 23 1993
10 1 1993
12 1 1993
1 1 1994
1 1 1994
1 1 1994
1 29 1994
2 1 1994
2 18 1994
6 12 1994
6 28 1994
7 1 1994
7 29 1994
8 14 1994
10 1 1994
12 1 1994
1 1 1995
1 1 1995
1 18 1995
2 1 1995
2 14 1995
3 1 1995
3 14 1995
5 1 1995
5 1 1995
6 17 1995
7 1 1995
7 24 1995
8 18 1995
9 6 1995
10 1 1995
10 13 1995
10 21 1995
11 1 1995
1 1 1996
1 22 1996
2 6 1996
2 27 1996
10 1 1996
10 2 1996
10 14 1996
11 11 1996
1 1 1997
7 1 1997
7 11 1997
8 9 1997
10 1 1997
10 5 1997
11 1 1997
12 8 1997
1 1 1998
2 15 1998
4 1 1998
4 24 1998
5 15 1998
6 1 1998
7 21 1998
7 25 1998
8 1 1998
10 4 1998
11 1 1998
12 1 1998
12 22 1998
1 1 1999
1 5 1999
2 1 1999
4 1 1999
4 1 1999
5 1 1999
6 2 1999
7 24 1999
8 1 1999
9 1 1999
10 18 1999
12 23 1999
1 1 2000
1 5 2000
2 1 2000
2 1 2000
3 1 2000
3 1 2000
8 1 2000
8 10 2000
8 23 2000
9 1 2000
9 14 2000
11 1 2000
1 1 2001
1 24 2001
5 1 2001
5 26 2001
5 30 2001
5 30 2001
6 1 2001
9 1 2001
10 1 2001
1 1 2002
3 1 2002
4 1 2002
4 13 2002
6 1 2002
6 28 2002
7 18 2002
8 1 2002
11 11 2002
1 1 2003
3 1 2003
7 1 2003
8 1 2003
9 1 2003
10 6 2003
1 1 2004
1 1 2004
3 12 2004
4 1 2004
4 8 2004
5 1 2004
5 1 2004
5 1 2004
7 1 2004
8 1 2004
8 12 2004
9 10 2004
11 1 2004
11 11 2004
12 1 2004
1 1 2005
3 1 2005
5 1 2005
6 1 2005
9 1 2005
12 1 2005
1 1 2006
2 11 2006
4 27 2006
5 1 2006
5 1 2006
7 1 2006
10 18 2006
1 1 2007
1 1 2007
1 1 2007
1 1 2007
4 1 2007
4 1 2007
6 1 2007
6 1 2007
9 1 2007
10 21 2007
11 1 2007
11 30 2007
12 1 2007
12 1 2007
1 1 2008
1 1 2008
1 14 2008
5 26 2008
8 1 2008
8 1 2008
9 1 2008
11 1 2008
12 1 2008
1 1 2009
1 1 2009
1 1 2009
2 1 2009
7 1 2009
8 1 2009
8 1 2009
12 1 2009
1 1 2010
2 1 2010
3 1 2010
5 1 2010
5 26 2010
8 1 2010
10 1 2010
11 1 2010
11 1 2010
12 5 2010
1 1 2011
1 24 2011
1 25 2011
5 1 2011
5 1 2011
6 1 2011
6 13 2011
7 20 2011
9 15 2011
12 1 2011
1 1 2012
4 1 2012
5 1 2012
5 12 2012
6 25 2012
9 1 2012
9 1 2012
10 21 2012
11 1 2012
12 1 2012
1 1 2013
1 1 2013
1 1 2013
4 1 2013
9 1 2013
10 11 2013
1 1 2014
1 1 2014
7 1 2014
10 1 2014
10 1 2014
12 1 2014
1 1 2015
9 1 2015
9 28 2015
10 1 2015
1 1 2016
2 1 2016
5 1 2016
5 1 2016
5 30 2016
10 13 2016
10 19 2016
11 1 2016
